1 0.4109375 0.30859375 0.1296875 0.1625
1 0.49765625 0.3359375 0.0296875 0.03125
1 0.33125 0.43515625 0.04921875 0.06015625
1 0.37421875 0.4171875 0.01640625 0.02265625
1 0.309375 0.35546875 0.01953125 0.0328125
1 0.2984375 0.39140625 0.01796875 0.01171875
1 0.30703125 0.2875 0.01015625 0.01171875
1 0.29765625 0.30546875 0.01328125 0.01328125
1 0.31875 0.26640625 0.0078125 0.00625
1 0.31796875 0.48203125 0.00859375 0.00859375
1 0.42890625 0.5 0.00546875 0.00625
1 0.41328125 0.475 0.00546875 0.00546875
1 0.52734375 0.4921875 0.00625 0.00859375