1 0.490625 0.24375 0.04375 0.03828125
1 0.4546875 0.328125 0.02421875 0.01796875
1 0.56171875 0.321875 0.0234375 0.02578125
1 0.559375 0.4171875 0.0609375 0.084375
1 0.50703125 0.4875 0.0640625 0.05234375
1 0.56796875 0.50625 0.03125 0.06953125
1 0.603125 0.47109375 0.01015625 0.01328125
1 0.4046875 0.56640625 0.03203125 0.02421875
1 0.525 0.61875 0.01875 0.01484375
1 0.4859375 0.40390625 0.03046875 0.0390625
1 0.4640625 0.4453125 0.0359375 0.0234375
1 0.43125 0.44453125 0.00859375 0.0125
1 0.55546875 0.57421875 0.0265625 0.0125
1 0.43203125 0.52421875 0.0171875 0.02890625
1 0.3828125 0.5109375 0.01640625 0.01484375
1 0.37265625 0.53984375 0.028125 0.01953125