1 0.2390625 0.4875 0.040625 0.046875
1 0.32890625 0.525 0.01875 0.025
1 0.321875 0.41171875 0.028125 0.025
1 0.42265625 0.4140625 0.0890625 0.065625
1 0.496875 0.46953125 0.05625 0.06875
1 0.51796875 0.4046875 0.0734375 0.0328125
1 0.48046875 0.36875 0.0140625 0.0109375
1 0.58125 0.578125 0.025 0.034375
1 0.63671875 0.45078125 0.015625 0.0203125
1 0.40859375 0.4921875 0.040625 0.0328125
1 0.45234375 0.515625 0.025 0.0375
1 0.4515625 0.55 0.0125 0.009375
1 0.5890625 0.41796875 0.0125 0.028125
1 0.53671875 0.54921875 0.03125 0.01875
1 0.521875 0.6015625 0.015625 0.0171875
1 0.553125 0.6125 0.0203125 0.0296875