1 0.43515625 0.43671875 0.07109375 0.05859375
1 0.46484375 0.503125 0.03984375 0.03046875
1 0.6375 0.5078125 0.08359375 0.1484375
1 0.69453125 0.52109375 0.01953125 0.090625
1 0.61484375 0.60625 0.0859375 0.04140625
1 0.53046875 0.63359375 0.0328125 0.0265625
1 0.55703125 0.52265625 0.05 0.05859375
1 0.5390625 0.43671875 0.04140625 0.0328125
1 0.53359375 0.39609375 0.03671875 0.02265625
1 0.490625 0.3859375 0.01796875 0.025
1 0.60078125 0.37578125 0.0265625 0.0296875
1 0.41640625 0.37578125 0.05 0.01015625