1 0.54921875 0.709375 0.14375 0.18125
1 0.45234375 0.67890625 0.0328125 0.034375
1 0.6375 0.56875 0.0546875 0.065625
1 0.5890625 0.5890625 0.01875 0.025
1 0.66171875 0.65703125 0.021875 0.0375
1 0.67421875 0.61796875 0.01875 0.0125
1 0.6640625 0.73359375 0.0109375 0.0125
1 0.67421875 0.71328125 0.015625 0.015625
1 0.6515625 0.75625 0.009375 0.00625
1 0.65234375 0.51640625 0.009375 0.009375
1 0.52890625 0.496875 0.00625 0.00625
1 0.54609375 0.52421875 0.00625 0.00625
1 0.41953125 0.50546875 0.00625 0.009375