1 0.23125 0.51484375 0.0421875 0.0484375
1 0.325 0.5546875 0.01875 0.0265625
1 0.31796875 0.4359375 0.028125 0.025
1 0.42265625 0.4390625 0.09375 0.06875
1 0.5 0.49609375 0.0578125 0.071875
1 0.521875 0.42890625 0.0765625 0.034375
1 0.4828125 0.390625 0.015625 0.0109375
1 0.5875 0.609375 0.0265625 0.034375
1 0.6453125 0.4765625 0.015625 0.021875
1 0.40859375 0.51953125 0.04375 0.034375
1 0.45390625 0.54453125 0.025 0.040625
1 0.45234375 0.5796875 0.0125 0.009375
1 0.59609375 0.44296875 0.0125 0.0296875
1 0.54140625 0.5796875 0.03125 0.01875
1 0.52578125 0.634375 0.015625 0.01875
1 0.55859375 0.6453125 0.021875 0.03125